#100000,2
*sequential
0.053950
*openmp
0.063686
*regular openmp
0.029847
*MPI
0.169261
0.149636
0.118463
0.086864
0.082957
0.098464
0.062033
0.101916
0.139133
0.083206
*testing MPI Regular
0.094083
0.088176
0.132522
0.107304
0.101324
0.118639
0.092079
0.141110
0.074858
0.111489
#500000,2
*sequential
0.314315
*openmp
0.322066
*regular openmp
0.172198
*MPI
0.441054
0.575736
0.496298
0.530976
0.745182
0.589821
0.690264
0.586084
0.652010
0.485473
*MPI Regular
0.435095
0.419282
0.393253
0.368068
0.374099
0.410454
0.387529
0.396992
0.374814
0.370375
#2500000,2
*sequential
1.790944
*openmp
1.661876
*regular openmp
0.916646
*MPI
3.093201
4.235912
4.253288
4.934432
4.416387
4.569785
4.299007
4.206011
3.062508
3.446922
*MPI Regular
1.810250
1.788232
1.773340
1.822851
1.793391
1.789567
1.789722
1.788840
1.784591
1.773418
#12500000,2
*sequential
9.828215
*openmp
9.843828
*regular openmp
4.843381
*MPI
46.708735
63.762261
59.874654
60.298900
51.773997
55.484825
70.642256
27.882599
42.194192
32.884733
*MPI Regular
6.367345
6.402245
6.267422
6.459061
6.341941
6.244249
6.431516
6.357850
6.354169
6.256105
#100000,4
*openmp
0.043664
*regular openmp
0.014107
*MPI
0.022613
0.044758
0.036085
0.028748
0.026236
0.027236
0.023738
0.037663
0.022440
0.030715
*MPI Regular
0.015478
0.013611
0.014170
0.015768
0.015937
0.014388
0.013835
0.014205
0.015479
0.014370
#500000,4
*openmp
0.202142
*regular openmp
0.084844
*MPI
0.096129
0.160490
0.121092
0.170219
0.133834
0.100832
0.246134
0.193283
0.137315
0.137800
*MPI Regular
0.066360
0.065683
0.067455
0.066140
0.067351
0.068034
0.064616
0.066231
0.067126
0.068337
#2500000,4
*openmp
1.014075
*regular openmp
0.452091
*MPI
0.699985
1.063002
1.459142
1.106061
1.161006
1.367961
0.940371
1.132966
0.821126
1.069874
*MPI Regular
0.343031
0.352616
0.344453
0.341487
0.339150
0.342826
0.338176
0.332462
0.338769
0.340609
#12500000,4
*openmp
5.895949
*regular openmp
2.404863
*MPI
11.357817
19.034932
14.689230
18.380943
12.718851
13.165234
16.269196
12.853076
19.650893
12.466873
*MPI Regular
1.764948
1.777289
1.712805
1.759126
1.715944
1.764208
1.781208
1.780909
1.784684
1.815852
#100000,8
*openmp
0.053235
*regular openmp
0.007390
*MPI
0.028827
0.022281
0.031402
0.036638
0.017594
0.026434
0.014028
0.021039
0.031015
0.034589
*MPI Regular
0.013269
0.012088
0.011908
0.012121
0.012121
0.012372
0.012074
0.012104
0.012094
0.016895
#500000,8
*openmp
0.179268
*regular openmp
0.042576
*MPI
0.127994
0.082612
0.134189
0.080395
0.110392
0.170667
0.120883
0.150215
0.140107
0.078986
*MPI Regular
0.041641
0.043352
0.042280
0.043256
0.042853
0.044062
0.041521
0.044165
0.042607
0.042668
#2500000,8
*openmp
0.762903
*regular openmp
0.225218
*MPI
1.339747
1.091250
1.016251
0.771424
0.767417
0.797158
0.820706
0.907891
1.291550
0.768851
*MPI Regular
0.201040
0.192688
0.197187
0.191063
0.190893
0.187699
0.190210
0.188381
0.195035
0.194186
#12500000,8
*openmp
4.314575
*regular openmp
1.192331
*MPI
11.466555
13.370293
10.257349
7.644812
17.375670
13.290951
11.732948
14.994183
16.668140
17.972747
*MPI Regular
0.987270
0.963472
0.968444
0.971247
0.988426
0.983563
0.968539
0.968135
0.975581
0.997320
experiments complete


